ISS (ZARYA)             
1 25544U 98067A   21343.41105832  .00001026  00000+0  26844-4 0  9993
2 25544  51.6429 196.3067 0004267 290.0753 127.4657 15.48949375315754
AEROCUBE 12A            
1 43556U 18046C   21343.23633263  .00002498  00000+0  87661-4 0  9997
2 43556  51.6407  26.2488 0007847  70.3908 289.7920 15.33398550190088
AEROCUBE 12B            
1 43557U 18046D   21342.75797070  .00003591  00000+0  12404-3 0  9998
2 43557  51.6407  31.2563 0007944  68.2891 291.8935 15.32568224189921
LEMUR-2-VU              
1 43558U 18046E   21342.51814275  .00007533  00000+0  21867-3 0  9993
2 43558  51.6410  18.7307 0006979  73.4631 286.7119 15.36494726190118
LEMUR-2-ALEXANDER       
1 43559U 18046F   21342.79861153  .00005787  00000+0  16893-3 0  9993
2 43559  51.6402  16.1292 0007038  74.4545 285.7215 15.36795114189958
LEMUR-2-YUASA           
1 43560U 18046G   21342.81604373  .00005567  00000+0  16456-3 0  9998
2 43560  51.6410  17.7178 0007051  85.6041 274.5747 15.36476004190153
LEMUR-2-TOMHENDERSON    
1 43561U 18046H   21342.81289780  .00004970  00000+0  15057-3 0  9993
2 43561  51.6409  19.1692 0007371  82.9097 277.2724 15.35945551189694
ISS DEB (SEDA-AP)       
1 43870U 98067PU  21342.70813943  .00012019  00000+0  11764-3 0  9993
2 43870  51.6332 129.2260 0003237 258.9350 101.1282 15.66595759168900
ISS DEB                 
1 44303U 98067QA  21343.17669715  .00012843  00000+0  13545-3 0  9997
2 44303  51.6359 152.1312 0005331 183.6265 176.4693 15.64622348143918
ISS DEB                 
1 44306U 98067QD  21342.77535818  .00017654  00000+0  17469-3 0  9995
2 44306  51.6342 152.3120 0006269 181.9081 178.1891 15.65926974143888
RED-EYE 1 (PINOT)       
1 44364U 98067QJ  21342.89394779  .00009462  00000+0  10232-3 0  9990
2 44364  51.6369 154.7449 0006703 179.4385 180.6618 15.64360334139446
KRAKSAT                 
1 44427U 98067QM  21343.23835888  .00136768  00000+0  46993-3 0  9993
2 44427  51.6347 122.2188 0003703 252.3980 171.6553 15.88709323139013
RWASAT-1                
1 44790U 98067QV  21342.26718336  .00012816  00000+0  11951-3 0  9999
2 44790  51.6308 161.3389 0007073 213.5810 317.0201 15.67717573116637
AQT-D                   
1 44791U 98067QW  21343.18862365  .00023882  00000+0  21226-3 0  9995
2 44791  51.6331 156.7203 0006432 200.6988 159.3749 15.68371304116787
NARSSCUBE-1             
1 44792U 98067QX  21342.71908368  .00448513  10142-3  72069-3 0  9993
2 44792  51.6255 132.9565 0007250 283.6540  76.3664 16.02931299117053
STPSAT-4                
1 45043U 98067QY  21342.83363558  .00009585  00000+0  13073-3 0  9992
2 45043  51.6387 182.0773 0005281 195.0167 165.0669 15.58230926105652
HARP                    
1 45256U 98067QZ  21342.90440056  .00019072  00000+0  17021-3 0  9994
2 45256  51.6400 165.3992 0006471 206.4828 153.5839 15.68432753102554
1998-067RA              
1 45257U 98067RA  21342.90224072  .00019838  00000+0  20120-3 0  9997
2 45257  51.6341 168.9957 0007020 200.2659 159.8059 15.65206724102506
PHOENIX                 
1 45258U 98067RB  21342.91194032  .00013943  00000+0  15907-3 0  9999
2 45258  51.6358 172.8213 0006252 181.9744 178.1226 15.62507347102423
1998-067RC              
1 45259U 98067RC  21342.75162670  .00077738  00000+0  44179-3 0  9990
2 45259  51.6297 155.9186 0006696 217.7680 142.2852 15.78275350102662
AZTECHSAT-1             
1 45261U 98067RE  21342.66496443  .03019689  12005-4  97478-3 0  9998
2 45261  51.6124 139.2640 0008678 300.2095  59.8065 16.25296613102874
RADSAT-U                
1 45262U 98067RF  21343.11058047  .00021703  00000+0  21175-3 0  9999
2 45262  51.6396 166.7683 0005588 223.6550 136.4005 15.66126484102563
QARMAN                  
1 45263U 98067RG  21342.87068913  .00070817  00000+0  39865-3 0  9990
2 45263  51.6323 155.9613 0006756 212.3416 147.7171 15.78523387102702
SORTIE                  
1 45264U 98067RH  21343.14198006  .00009177  00000+0  12101-3 0  9994
2 45264  51.6384 177.4464 0006914 201.8287 158.2412 15.59194614102417
ICS-EF (ISS DEB)        
1 45265U 98067RJ  21342.87763092  .00004239  00000+0  69825-4 0  9997
2 45265  51.6387 187.6046 0005203 192.8986 167.1872 15.54700713101938
G-SAT                   
1 45597U 98067RK  21342.89772572  .00021199  00000+0  20478-3 0  9994
2 45597  51.6360 169.7618 0003854 229.0188 131.0474 15.66401188 91865
QUETZAL-1               
1 45598U 98067RL  21342.80141671  .00054579  00000+0  39186-3 0  9990
2 45598  51.6341 164.5835 0003485 216.7508 143.3252 15.73089990 91858
RED-EYE 2 (MERLOT)      
1 45800U 98067RM  21342.92443643  .00005377  00000+0  80256-4 0  9990
2 45800  51.6394 184.9735 0001801 174.4272 185.6740 15.56823976 83836
RED-EYE 3 (CABERNET)    
1 45809U 98067RN  21342.85985618  .00005600  00000+0  83382-4 0  9996
2 45809  51.6394 185.2930 0002263 171.7110 188.3920 15.56798321 82801
DEMI                    
1 45916U 98067RP  21342.92894948  .00029207  00000+0  23859-3 0  9999
2 45916  51.6368 168.4884 0004022 184.2329 175.8635 15.70316591 80025
SPOC                    
1 46921U 98067RR  21343.13938060  .00013153  00000+0  16535-3 0  9990
2 46921  51.6378 181.9288 0000893 106.0268 254.0823 15.60034259 62067
BOBCAT-1                
1 46922U 98067RS  21343.13646082  .00026736  00000+0  26783-3 0  9998
2 46922  51.6392 176.6941 0001809 157.8887 202.2187 15.65341820 62091
NEUTRON-1               
1 46923U 98067RT  21342.84923021  .00013049  00000+0  16503-3 0  9999
2 46923  51.6386 183.7413 0001365 108.3397 251.7745 15.59884033 62058
1998-067RU              
1 46924U 98067RU  21342.76954433  .00224658  00000+0  78426-3 0  9994
2 46924  51.6278 164.2871 0005552 227.3670 132.6867 15.88135792 62278
LEMUR-2-BAXTER-OLIVER   
1 46925U 98067RV  21343.21168893  .00343673  62232-4  59611-3 0  9997
2 46925  51.6396 157.5619 0007676 285.7004  74.3160 16.01662987 62357
LEMUR-2-DJARA           
1 46926U 98067RW  21343.20376348  .00191033  00000+0  73128-3 0  9993
2 46926  51.6370 162.8246 0005013 275.2124  84.8308 15.86354479 62306
DESCENT                 
1 46927U 98067RX  21343.10780656  .00013719  00000+0  17247-3 0  9998
2 46927  51.6389 182.4645 0002064 110.7355 249.3860 15.59990391 61994
ISS DEB                 
1 47853U 98067RZ  21342.85492690  .00001842  00000+0  39485-4 0  9999
2 47853  51.6419 197.2489 0002647  33.6971 326.4186 15.50572075 42310
RSP-01                  
1 47925U 98067SB  21342.83597786  .00013208  00000+0  18199-3 0  9996
2 47925  51.6391 191.1394 0000604 187.5477 172.5506 15.57573923 41896
TAUSAT-1                
1 47926U 98067SC  21342.87040979  .00019968  00000+0  24921-3 0  9997
2 47926  51.6381 189.1050 0000904 227.4847 132.6069 15.59860315 41910
TSURU                   
1 47927U 98067SD  21342.75660357  .00013207  00000+0  18724-3 0  9997
2 47927  51.6392 192.1089 0000443 203.2890 156.8082 15.56802164 41870
STARS-EC                
1 47928U 98067SE  21342.87279328  .00021823  00000+0  27093-3 0  9997
2 47928  51.6382 189.8735 0003513  83.6746 276.4647 15.59933583 41893
MMSATS-1                
1 47976U 98067SJ  21342.88931198  .00005012  00000+0  89458-4 0  9997
2 47976  51.6487 195.9499 0002334  45.2136 314.9042 15.51960640 40616
TIANHE                  
1 48274U 21035A   21343.25666479  .00009078  00000+0  10494-3 0  9998
2 48274  41.4706 295.8268 0004108 196.2975 315.0362 15.61949442 35071
TIANZHOU-2              
1 48803U 21046A   21342.65381944  .00009560  00000+0  11035-3 0  9990
2 48803  41.4705 299.5015 0004030 192.0666 165.0514 15.61940799 34970
RAMSAT                  
1 48850U 98067SL  21342.86934359  .00008706  00000+0  14223-3 0  9999
2 48850  51.6396 195.8276 0004476  86.0383 274.1119 15.53402805 27584
SOAR                    
1 48851U 98067SM  21343.17071562  .00035599  00000+0  38853-3 0  9998
2 48851  51.6354 189.5620 0004395 132.5231 227.6135 15.62999447 27732
BD-28                   
1 48867U 98067SN  21342.84353761  .00008289  00000+0  13333-3 0  9994
2 48867  51.6390 195.6548 0004028 117.9940 242.1459 15.53913948 26331
MIR-SAT 1               
1 48868U 98067SP  21342.84376310  .00020264  00000+0  27419-3 0  9997
2 48868  51.6380 194.1576 0003570 123.0694 237.0642 15.57693211 26385
ISS (NAUKA)             
1 49044U 21066A   21342.57673105  .00001617  00000+0  37573-4 0  9995
2 49044  51.6434 200.4321 0003718 279.9497 162.1385 15.48947165315627
CYGNUS NG-16            
1 49064U 21072A   21343.30067130  .00004703  00000+0  14645-3 0  9994
2 49064  51.6449 198.7056 0006705  36.6446 304.0806 15.35195824 18639
TIANZHOU-3              
1 49222U 21085A   21342.65381944  .00009560  00000+0  11035-3 0  9999
2 49222  41.4705 299.5015 0004030 192.0666 165.0514 15.61940799 34976
SOYUZ-MS 19             
1 49269U 21089A   21342.57673105  .00001617  00000+0  37573-4 0  9999
2 49269  51.6434 200.4321 0003718 279.9497 162.1385 15.48947165315626
FREGAT DEB              
1 49271U 11037PF  21343.11889015  .00072525  00000+0  49466+0 0  9999
2 49271  51.5359  25.1423 0865144  17.9801 344.9718 11.68993700 24684
BINAR-1                 
1 49272U 98067SR  21342.86601267  .00008298  00000+0  14392-3 0  9990
2 49272  51.6398 198.0431 0003393 328.9103  31.1685 15.51790110  9944
MAYA-3                  
1 49273U 98067SS  21342.85865838  .00009977  00000+0  16905-3 0  9993
2 49273  51.6398 197.9945 0002961 322.6651  37.4133 15.52188005  9944
MAYA-4                  
1 49274U 98067ST  21342.86048193  .00010259  00000+0  17395-3 0  9991
2 49274  51.6400 198.0065 0002890 320.8236  39.2544 15.52133261  9944
CUAVA-1                 
1 49275U 98067SU  21343.19794160  .00013265  00000+0  22238-3 0  9993
2 49275  51.6411 196.2854 0002990 336.8893 127.3725 15.52162152  9941
CAPSAT                  
1 49276U 98067SV  21343.14559277  .00007952  00000+0  14053-3 0  9999
2 49276  51.6397 196.9067 0003836 346.4594  13.6292 15.51320996  9041
1998-067SW              
1 49277U 98067SW  21342.88295029  .00009454  00000+0  16435-3 0  9997
2 49277  51.6391 198.1518 0004244 337.8349  22.2456 15.51531202  8970
1998-067SX              
1 49278U 98067SX  21343.22628421  .00021720  00000+0  33753-3 0  9995
2 49278  51.6387 195.9471 0002584 313.1060  46.9714 15.53873042  9054
SHENZHOU-13 (SZ-13)     
1 49326U 21092A   21342.65381944  .00009560  00000+0  11035-3 0  9992
2 49326  41.4705 299.5015 0004030 192.0666 165.0514 15.61940799 34971
PROGRESS-MS 18          
1 49379U 21098A   21342.57673105  .00001617  00000+0  37573-4 0  9991
2 49379  51.6434 200.4321 0003718 279.9497 162.1385 15.48947165315628
CREW DRAGON 3           
1 49407U 21103A   21342.57673105  .00001617  00000+0  37573-4 0  9990
2 49407  51.6434 200.4321 0003718 279.9497 162.1385 15.48947165315620
ISS (PRICHAL)           
1 49499U 21111A   21342.57673105  .00001617  00000+0  37573-4 0  9990
2 49499  51.6434 200.4321 0003718 279.9497 162.1385 15.48947165315621
SOYUZ-MS 20             
1 49922U 21119A   21342.57673105  .00001617  00000+0  37573-4 0  9999
2 49922  51.6434 200.4321 0003718 279.9497 162.1385 15.48947165315622
SL-4 R/B                
1 49923U 21119B   21343.18847486  .01538255  12065-4  41834-3 0  9990
2 49923  51.6580 197.0156 0017463  65.1771  37.6733 16.26883319   131
